# Merkle-Hellman public key (72 elements)
# Each flag block is 9 bytes = 72 bits (MSB-first per byte).
# ciphertext = sum of pubkey[i] for every set bit i.
65363128684447571132776241699
11274630258057967396026665723
60559222278375482447330083794
70238185910865550789020602007
78077025115892356117353286514
68689714170530501420950259719
29127755965063579516555824180
32796713726379898017330479743
45519033311461958996652579847
59481922183281857526171199789
55495084400556906381284478613
14576717810183300603139843389
68589281729516899808716443746
20296909478473654757282621208
30537953005493837032599666770
50700906734420621772366528392
58720389817577647385263517768
14929982408329983159745130411
78957868028931941741179820628
31015553887459374066166570979
6479387240029285522500789709
44834052244814211323002768825
68880768174885210134417155701
70728065516536734229876378887
19940352925118383021332476475
11926610039430690869353776248
44284085306881906513505933290
65961141103798053905550707203
79222330366488147095589071397
57716218939764421264346243444
7143427741922311277425019977
40102124774314571307421209726
31106346336357167193152859646
9869211918329061407583377438
23696943552216795845779539234
57055944207555268510811881306
3327580670445191612826287616
10613681056449056256265359590
59950266048603035641387473838
58927069738258076769247034796
64441245461962817349401724273
49297856532179662020349932300
45182819049805987851607519281
35526859738167888566962688623
69627835129445026186765372626
42091939332905056814598857452
13191888117017754559626998031
45745228201887970683682373391
62110476246079115246893565460
34936923235681473070158040183
21488885432536346192206522870
71644808849324143031304224752
68376445195906361888347719926
51783851937617327120469134628
65557742112975106585661516908
54063485202872162576322297308
74075528359043450527980626626
42713815274261871699013795581
67529400689171140706681990106
21066253853172746373456494821
56109555611748530333568577993
18657428926348050402028051389
13281943995839590735434938781
41966820243972970004685470533
42715438945182202722984178323
58189724253003705746237182254
74448304789798298732507599455
10158206024125176882906547212
45737872490388506855671491388
52889203964129866973885109
50666903728700094028720106297
51522962071682837162170650478
